.agents/skills/docs-translation/state/translation-memory.json
  h_04c00a69eeb820 2719-3136
docs/command-line-interface.mdx
  h_04c00a69eeb820 7-21,24,37,51,63,65,68,75,77-78,80,91,103,105,107-120,122,124,127,135,142,148,154,160,162,164-177,190,197,203,209,211,213-220,223,226,234,236,242,252,262,288,296,298,300,310,312,314,325,330,352,354-358,360,362,364,367,372,377-378,382-384,388,410,412-414,417,422,444,446,449,454,456-460,463,467-468,471,528,564-566,569,572,612,636,656,658-659,661,663,665,668,670,679,685-686,688,695,697,700,703,705,707,709-710,716,722,728-729,731,737,744,749-751,753
docs/environment-variables.mdx
  h_04c00a69eeb820 5,9,11-13,15,21,27,35,37,39-56,62,64-65,71,79,81-85,93,95,97-102,108,116,124,126,128-137,141,143,145-150,154,156-158,160,162-163,167,171,193,199,201,203,205,207,211,213,216,222,224,226-232,239,241-244,251,253,255-262,269,271-275,282,284-288,295,297-308,315,317-321,328,330-334,336,343,345,347-351,358,360,367,369-373,380,382-387,394,396-401,408,410-415,422,424,426-440
docs/metrics-introduction.mdx
  h_04c00a69eeb820 19,23,50,56,721,943,1353,1367
docs/troubleshooting.mdx
  h_04c00a69eeb820 5,9,31,33,35,41,43,45,74,79,86,88,92,95,98,100-102,104,117,129,139,141-145,147,151,153,155,157-162,164,175,179-181,186,188,191,220,226,234,244,250,262,264,266-269,271
---
{
  "schema_version": "authorship/3.0.0",
  "git_ai_version": "development:1.6.24",
  "base_commit_sha": "24700842dd1e994de3c3b4be59f3f7bd038136cd",
  "prompts": {},
  "humans": {
    "h_04c00a69eeb820": {
      "author": "antik-x <jianyong.me@gmail.com>"
    }
  }
}